gp_difference

difference_x_mean:0.010969361673903307
difference_y_mean:0.008804815220576601
difference_z_mean:0.12268301767152283

